177444 225062 195061 231377 94785 109794 72413 102194 143408 228700 
57881 143105 177622 140530 85651 38682 116868 88504 82215 86821 
37241 160462 147805 225414 126145 71371 56404 133472 148750 174111 
190632 202552 140813 117405 59092 109354 100264 24277 160496 149199 
103398 227124 206569 230968 93367 99195 68020 143293 88197 184140 
150949 219461 126651 165229 13830 35772 71207 126811 131044 151137 
29410 76189 65591 62421 46523 25865 56870 57463 8165 81775 
114156 144323 212240 199146 122208 57164 107751 5787 114231 89105 
140857 130805 211753 117286 92258 103933 53645 114531 58865 179896 
78259 104141 48848 115707 11206 15507 -19580 17804 57229 42321 
