611 23 22 21 19 23 22 22 21 23 22 22 24 29 21 22 21 21 23 21 
60 58 58 56 64 55 56 57 55 92 73 51 54 57 55 49 56 115 54 85 
285 280 186 185 184 193 183 186 181 187 225 179 180 190 183 228 196 208 206 203 
595 561 535 590 566 582 606 545 513 639 590 534 573 574 546 506 566 587 516 619 
2387 2463 2454 2495 2452 3395 2426 2522 2440 2405 2430 2438 2420 2435 2375 2427 2430 2452 2418 2437 
32997 33541 33509 33172 32984 33454 32993 32902 33127 32933 33240 33010 33373 33512 33661 33551 33400 34094 33144 33659 
268362 264883 263127 269816 269079 270928 267348 266625 269079 262585 269003 302528 260337 267237 270804 269435 268787 270520 266737 263193 
899168 905470 904036 897988 905594 923243 907417 923414 917208 924289 973321 935558 936325 931015 933831 955634 953904 959855 954813 960513 
2213205 2194316 2228374 2270485 2256763 2276909 2263870 2284093 2271506 2281355 2304624 2316876 2307999 2317812 2288248 2311791 2330297 2334051 2321484 2312214 
3076642 3088378 3125726 3164410 3124668 3146465 3142496 3108050 3138879 3145600 3139964 3165702 3135204 3113328 3166498 3129512 3151430 3168231 3163798 3168441 
