1317033 595 545 566 890 529 504 477 460 470 450 452 451 966 974 917 785 794 819 761 
658 773 671 565 548 563 719 723 599 538 579 607 619 576 670 732 576 626 782 773 
817 734 559 607 562 598 559 510 574 688 545 525 639 592 552 740 744 661 569 528 
573 541 534 546 538 580 533 522 571 570 552 545 560 723 616 547 556 525 499 454 
674 650 551 589 591 571 530 567 613 532 724 632 577 602 595 648 562 563 571 568 
1251 968 1408 1043 1104 897 1078 1281 940 1166 1223 1177 1293 1176 1264 1534 1232 1278 1111 1068 
5071 3836 4357 4699 3898 3760 6462 3922 3947 4292 3972 3692 4598 3640 4225 4109 4362 3877 4664 3718 
8128 8762 9233 8549 9595 8494 8612 8597 8702 9178 9191 8292 8799 8424 8689 9729 8992 8587 9048 8859 
16499 16058 16341 16218 16186 16911 16316 16159 16712 15823 16352 16738 15679 16333 15886 15844 15853 16034 16366 16412 
21039 20566 21210 21318 20965 20556 21483 21317 20003 20718 20609 21211 20466 21868 21275 21046 20868 21104 20532 20670 
