18 8 8 8 8 8 8 7 8 8 14 8 8 7 7 7 8 7 7 7 
27 27 27 26 26 28 357 28 27 28 28 27 29 26 27 27 27 29 28 38 
145 152 152 153 225 192 153 152 154 155 201 155 148 150 147 151 149 148 149 216 
1018 857 860 862 874 859 849 856 869 858 844 853 880 871 864 865 852 867 852 846 
5997 5751 5922 5770 5777 5756 5958 5746 5714 5745 5727 5705 5775 5766 5723 5884 5749 5729 5722 5748 
79091 76479 76296 77940 78074 78052 87782 100284 84114 97188 85413 95248 82084 83227 83337 79790 80912 81698 81722 79552 
622478 597194 599684 599929 599499 602457 599845 601596 607720 594969 595293 598588 596434 600639 596833 599497 596711 597827 601303 593802 
2055589 2059477 2069570 2088340 2055785 2059927 2054979 2056134 2051853 2050341 2056816 2053566 2052096 2052277 2056269 2051918 2052301 2051148 2047912 2060586 
4865146 4873860 4875986 4865078 4874237 4864973 4867758 5157052 6607785 10213018 10223087 8753821 5541702 5031230 6249801 10131086 10056072 10128388 8997510 5003144 
7541770 13886407 6858450 6701108 6658646 6558105 6639602 6566888 6572673 7208776 7467986 7818736 7743644 8728455 8097605 8194337 7961316 8097902 8134389 8060736 
