1312034 500 458 438 445 430 439 437 443 453 
706 484 455 453 871 509 465 449 596 895 
1054 870 682 853 693 850 640 640 733 955 
738 788 636 704 587 637 630 718 709 625 
712 705 815 689 551 617 602 525 540 581 
1306 907 1187 1109 1174 1182 1292 1098 1108 1255 
3919 4585 3713 4794 3924 4577 3840 4492 3930 4003 
8740 8808 8650 8500 8469 9036 9158 9006 8923 8979 
16911 17081 16784 16949 17627 18368 18848 17352 18000 17260 
91873 97306 92270 73583 75612 74120 70424 70817 69212 74950 
220128 207944 214643 213319 211097 210540 210695 215142 214406 218429 
467217 481143 483084 469569 472636 472105 460551 465381 477771 456439 
870333 860888 839647 880104 876600 853941 855002 863632 861015 866609 
