104 22 3 2 2 2 2 13 3 3 2 3 2 2 2 2 2 2 5 25 
16 6 6 7 6 6 11 6 6 6 13 18 14 7 7 6 7 11 6 7 
26 15 20 29 14 14 19 12 15 25 25 16 14 29 15 42 28 20 19 18 
73 55 58 47 51 43 41 50 126 47 144 90 43 40 46 60 38 48 56 36 
394 231 232 249 247 261 332 278 270 287 252 489 293 259 273 261 272 499 507 494 
4083 5514 8628 10849 7492 4201 9958 5089 4494 4732 5283 8862 8652 8521 6901 4827 4841 5047 5090 5689 
69200 68608 58004 59456 62824 55910 62787 55997 58618 83039 54579 56544 53892 51870 52283 56243 55245 55604 56027 55975 
239381 260377 237910 245676 243862 248943 236332 247537 243412 235615 237933 234206 238307 246627 237537 246036 235630 242925 237040 244327 
626942 622386 614864 618501 621740 617978 613568 617282 609475 626689 610638 617251 753759 624966 606918 615533 617481 603170 609129 627217 
849451 967720 907399 861713 1026998 844107 916617 920711 939605 971748 869450 854255 863597 904051 993056 901229 921620 1061906 1068423 911480 
